>hbt
0.018927 0.069401 0.072555 0.839117
0.940063 0.025237 0.012618 0.022082
0.015773 0.974763 0.000000 0.009464
0.053628 0.018927 0.104101 0.823344
0.145110 0.507886 0.148265 0.198738
0.073210 0.515118 0.341617 0.070055
0.182429 0.202429 0.435868 0.179274
0.281208 0.251915 0.217215 0.249662
0.119885 0.427434 0.326487 0.126194
0.171334 0.185132 0.462735 0.180798
0.282066 0.150110 0.342539 0.225284
0.104863 0.556021 0.174317 0.164800
0.000000 0.116719 0.883281 0.000000
0.940063 0.037855 0.015773 0.006309
0.018927 0.053628 0.927445 0.000000
0.078864 0.085174 0.100946 0.735016
0.880126 0.028391 0.018927 0.072555